Heuristic: CURE

Solution:
Number of clusters: 3

Cluster ID: 250
Cluster demand: 4098.0
Number of elements: 81
Element IDs:
[111, 236, 196, 23, 48, 174, 120, 143, 22, 128, 14, 179, 161, 200, 187, 45, 93, 46, 63, 216, 180, 44, 199, 152, 107, 98, 91, 77, 212, 240, 117, 50, 208, 144, 192, 88, 245, 184, 218, 156, 239, 119, 94, 151, 246, 25, 37, 222, 85, 165, 86, 247, 35, 28, 160, 7, 141, 182, 95, 149, 34, 104, 126, 116, 6, 92, 105, 178, 210, 41, 132, 97, 227, 29, 109, 20, 110, 60, 158, 134, 159]

Cluster ID: 251
Cluster demand: 5668.0
Number of elements: 115
Element IDs:
[114, 148, 26, 170, 230, 9, 153, 2, 101, 193, 125, 195, 64, 58, 183, 150, 217, 36, 220, 83, 189, 248, 89, 167, 13, 121, 206, 27, 173, 65, 106, 203, 57, 224, 163, 214, 235, 82, 11, 157, 241, 131, 249, 69, 177, 225, 62, 237, 43, 238, 223, 10, 204, 122, 54, 198, 73, 242, 146, 190, 135, 38, 123, 96, 8, 112, 118, 84, 39, 3, 137, 207, 18, 30, 166, 213, 56, 102, 16, 15, 233, 215, 176, 42, 197, 80, 194, 66, 219, 52, 243, 113, 136, 75, 162, 59, 226, 168, 169, 103, 181, 171, 47, 175, 55, 32, 78, 17, 67, 201, 24, 51, 40, 147, 127]

Cluster ID: 252
Cluster demand: 2340.0
Number of elements: 53
Element IDs:
[234, 33, 138, 21, 209, 100, 145, 115, 186, 81, 4, 244, 99, 70, 108, 142, 232, 68, 154, 76, 155, 231, 202, 139, 71, 31, 205, 229, 72, 19, 185, 79, 172, 211, 90, 61, 5, 133, 191, 12, 221, 129, 49, 130, 140, 164, 124, 87, 188, 1, 74, 228, 53]

Unassigned customers: 0
Depots without assigned customers: 0
