Heuristic: DBSCAN

Solution:
Number of clusters: 3

Cluster ID: 250
Cluster demand: 5354.0
Number of elements: 107
Element IDs:
[23, 48, 92, 111, 174, 196, 236, 22, 120, 128, 143, 14, 98, 44, 179, 199, 200, 45, 93, 161, 187, 107, 117, 240, 37, 46, 63, 180, 216, 208, 152, 77, 91, 212, 6, 165, 222, 25, 246, 50, 88, 245, 16, 169, 243, 85, 105, 104, 141, 7, 160, 94, 151, 86, 247, 119, 184, 192, 218, 3, 52, 84, 135, 59, 75, 162, 171, 181, 219, 15, 97, 132, 74, 116, 126, 215, 140, 164, 149, 35, 144, 239, 8, 20, 24, 29, 32, 40, 41, 51, 60, 67, 78, 109, 110, 127, 134, 136, 147, 156, 158, 159, 178, 201, 210, 226, 227]

Cluster ID: 251
Cluster demand: 4273.0
Number of elements: 90
Element IDs:
[2, 9, 26, 64, 101, 114, 125, 148, 170, 193, 230, 58, 183, 195, 217, 89, 153, 167, 248, 82, 163, 224, 57, 203, 150, 36, 83, 220, 206, 27, 13, 121, 189, 106, 11, 43, 62, 69, 122, 157, 177, 223, 225, 235, 237, 241, 249, 131, 214, 238, 65, 54, 173, 204, 38, 39, 146, 242, 190, 10, 42, 18, 30, 73, 137, 198, 207, 96, 166, 56, 176, 233, 102, 118, 123, 112, 197, 66, 80, 103, 113, 194, 5, 17, 47, 53, 55, 168, 175, 228]

Cluster ID: 252
Cluster demand: 2479.0
Number of elements: 52
Element IDs:
[21, 33, 99, 138, 142, 209, 234, 81, 100, 115, 145, 186, 68, 70, 108, 155, 232, 244, 231, 4, 154, 172, 76, 71, 139, 202, 87, 31, 205, 229, 1, 12, 19, 28, 34, 49, 61, 72, 79, 90, 95, 124, 129, 130, 133, 182, 185, 188, 191, 211, 213, 221]

Unassigned customers: 0
Depots without assigned customers: 0
