Heuristic: UPGMC

Solution:
Number of clusters: 9

Cluster ID: 361
Cluster demand: 220.0
Number of elements: 44
Element IDs:
[2, 1, 5, 3, 6, 4, 8, 7, 36, 28, 20, 12, 22, 14, 34, 26, 18, 10, 25, 17, 9, 37, 29, 21, 13, 27, 19, 11, 39, 31, 23, 15, 32, 24, 16, 355, 320, 73, 38, 30, 315, 280, 238, 33]

Cluster ID: 362
Cluster demand: 216.0
Number of elements: 40
Element IDs:
[42, 41, 45, 43, 46, 44, 48, 47, 76, 68, 60, 52, 62, 54, 77, 69, 61, 53, 64, 56, 74, 66, 58, 50, 65, 57, 49, 79, 71, 63, 55, 67, 59, 51, 118, 80, 72, 360, 78, 70]

Cluster ID: 363
Cluster demand: 219.0
Number of elements: 43
Element IDs:
[82, 81, 85, 83, 86, 84, 88, 87, 117, 109, 101, 93, 104, 96, 114, 106, 98, 90, 99, 91, 116, 108, 100, 92, 110, 102, 94, 119, 111, 103, 95, 158, 113, 75, 40, 105, 97, 89, 120, 112, 160, 115, 107]

Cluster ID: 364
Cluster demand: 214.0
Number of elements: 38
Element IDs:
[122, 121, 125, 123, 126, 124, 128, 127, 154, 146, 138, 130, 139, 131, 157, 149, 141, 133, 152, 144, 136, 159, 151, 143, 135, 150, 142, 134, 156, 148, 140, 132, 145, 137, 129, 200, 155, 147]

Cluster ID: 365
Cluster demand: 215.0
Number of elements: 39
Element IDs:
[162, 161, 165, 163, 166, 164, 168, 167, 194, 186, 178, 170, 177, 169, 197, 189, 181, 173, 179, 171, 199, 191, 183, 175, 192, 184, 176, 196, 188, 180, 172, 190, 182, 174, 195, 187, 235, 193, 185]

Cluster ID: 366
Cluster demand: 218.0
Number of elements: 42
Element IDs:
[202, 201, 205, 203, 206, 204, 208, 207, 234, 226, 218, 210, 217, 209, 237, 229, 221, 213, 227, 219, 211, 239, 231, 223, 215, 230, 222, 214, 236, 228, 220, 212, 240, 198, 153, 35, 232, 224, 216, 275, 233, 225]

Cluster ID: 367
Cluster demand: 215.0
Number of elements: 39
Element IDs:
[242, 241, 245, 243, 246, 244, 248, 247, 274, 266, 258, 250, 257, 249, 276, 268, 260, 252, 262, 254, 277, 269, 261, 253, 267, 259, 251, 279, 271, 263, 255, 272, 264, 256, 273, 265, 313, 278, 270]

Cluster ID: 368
Cluster demand: 214.0
Number of elements: 38
Element IDs:
[282, 281, 285, 283, 286, 284, 288, 287, 316, 308, 300, 292, 302, 294, 314, 306, 298, 290, 305, 297, 289, 319, 311, 303, 295, 312, 304, 296, 317, 309, 301, 293, 307, 299, 291, 353, 318, 310]

Cluster ID: 369
Cluster demand: 213.0
Number of elements: 37
Element IDs:
[322, 321, 325, 323, 326, 324, 328, 327, 356, 348, 340, 332, 342, 334, 354, 346, 338, 330, 345, 337, 329, 357, 349, 341, 333, 352, 344, 336, 359, 351, 343, 335, 347, 339, 331, 358, 350]

Unassigned customers: 0
Depots without assigned customers: 0
